Abu Dhabi: 4.3999999999999995
Agra: 4.05
Ahmedabad: 4.375
Albany: 3.533333333333333
Allahabad: 3.3
Amritsar: 3.7399999999999998
Ankara: 4.075
Athens: 4.15
Auckland: 4.2
Augusta: 3.983333333333333
Aurangabad: 3.425
Bangalore: 4.675
Bhopal: 3.975
Bhubaneshwar: 3.957142857142857
Bogor: 4.0
Boise: 4.4
"Bras\uFFFD_lia": 3.5799999999999996
Cape Town: 4.1000000000000005
Cedar Rapids/Iowa City: 4.2
Chandigarh: 4.0
Chennai: 4.4
Cochrane: 3.1
Coimbatore: 4.125
Colombo: 3.8199999999999994
Columbus: 4.1
Consort: 3.0
Dalton: 4.166666666666667
Davenport: 3.4
Dehradun: 4.0
Des Moines: 4.5
Doha: 4.0200000000000005
Dubai: 4.3
Dubuque: 3.466666666666667
Edinburgh: 4.083333333333333
Faridabad: 3.1333333333333333
Gainesville: 4.08
Ghaziabad: 2.95
Goa: 4.35
Gurgaon: 3.380232558139535
Guwahati: 4.285714285714286
Hepburn Springs: 3.8
Hyderabad: 4.9
Indore: 3.8333333333333335
Inner City: 4.9
Jaipur: 4.0200000000000005
Jakarta: 4.4
Kanpur: 3.8
Kochi: 4.328571428571428
Kolkata: 4.3
Lakeview: 3.6
London: 4.45
Lucknow: 4.3
Ludhiana: 4.066666666666667
Macedon: 3.5
Macon: 4.159999999999999
Manchester: 4.1
Mandaluyong City: 4.6
Mangalore: 3.66
Mumbai: 4.033333333333333
Mysore: 3.6666666666666665
Nagpur: 4.2
Nashik: 3.75
New Delhi: 3.304054054054054
Noida: 3.1843971631205674
Orlando: 4.516666666666667
Pasig City: 4.633333333333334
Patna: 3.38
Pensacola: 4.0
Pocatello: 3.6666666666666665
Pretoria: 4.24
Puducherry: 3.685714285714286
Pune: 4.2
Ranchi: 3.3333333333333335
Randburg: 4.3
Rest of Hawaii: 4.2
Rio de Janeiro: 4.433333333333334
Sandton: 4.1
Savannah: 4.2
Sharjah: 4.1499999999999995
Singapore: 3.1999999999999997
Sioux City: 3.8333333333333335
Surat: 4.06
"S\uFFFD\uFFFDo Paulo": 4.8
Taguig City: 4.533333333333334
Tampa Bay: 4.5
Vadodara: 4.5
Valdosta: 3.8
Varanasi: 3.5
Vizag: 4.08
Waterloo: 3.6800000000000006
Wellington City: 4.366666666666666
"\uFFFD\uFFFDstanbul": 4.1
