Afghani: 1.0
African: 3.95
American: 3.66231884057971
Arabian: 3.4200000000000004
Armenian: 0.0
Asian: 3.742857142857143
Asian Fusion: 4.2
Awadhi: 2.1333333333333333
BBQ: 4.0285714285714285
Bakery: 2.432121212121212
Bar Food: 4.1000000000000005
Belgian: 4.2
Bengali: 3.4125
Beverages: 2.938
Biryani: 2.884375
Brazilian: 3.766666666666667
Breakfast: 3.8666666666666667
Burger: 3.618867924528302
Burmese: 4.1
Cafe: 3.2006802721088436
Cajun: 4.4
Canadian: 3.0
Caribbean: 4.6
Charcoal Grill: 4.066666666666666
Chettinad: 3.9
Chinese: 2.5519642857142855
Coffee and Tea: 3.5999999999999996
Contemporary: 4.550000000000001
Continental: 3.556603773584906
Cuban: 4.4
Curry: 4.5
Desserts: 3.0174242424242426
Diner: 3.75
Drinks Only: 0.0
European: 3.9833333333333334
Fast Food: 2.6673316708229424
Filipino: 4.7
Finger Food: 3.531034482758621
French: 3.7
Fusion: 3.8
German: 4.233333333333333
Goan: 3.5
Greek: 4.3
Grill: 4.3
Gujarati: 1.7
Hawaiian: 4.45
Healthy Food: 3.1772727272727277
Hyderabadi: 3.7249999999999996
Ice Cream: 2.5414634146341464
Indian: 3.627272727272727
Indonesian: 4.166666666666667
International: 4.36
Iranian: 4.0
Italian: 3.580864197530864
Japanese: 3.759375
Juices: 3.6500000000000004
Kashmiri: 1.8666666666666665
Kerala: 3.96
Korean: 3.9
Latin American: 4.4
Lebanese: 3.6533333333333333
Lucknowi: 3.866666666666667
Maharashtrian: 3.6999999999999997
Malay: 3.0
Malaysian: 3.6166666666666667
Mangalorean: 3.6333333333333333
Mediterranean: 4.138461538461538
Mexican: 3.782758620689655
Middle Eastern: 4.1
Mineira: 0.0
Mithai: 1.9763440860215056
Modern Indian: 4.220000000000001
Mughlai: 2.51356783919598
Naga: 3.1
New American: 4.6
North Eastern: 0.0
North Indian: 2.4770935960591136
Pakistani: 0.0
Parsi: 4.033333333333334
Patisserie: 3.9000000000000004
Peranakan: 4.0
Pizza: 2.7414285714285715
Portuguese: 3.95
Rajasthani: 1.85
Raw Meats: 2.105
Restaurant Cafe: 4.1
Salad: 3.01875
Sandwich: 4.022222222222222
Seafood: 3.9899999999999998
Singaporean: 3.2
South African: 4.0
South Indian: 2.5325925925925925
Southern: 4.25
Spanish: 3.9000000000000004
Sri Lankan: 4.0
Steak: 4.04
Street Food: 2.4188524590163936
Sunda: 4.9
Sushi: 3.9733333333333336
Taiwanese: 4.9
Tapas: 4.6
Tea: 2.3833333333333333
Tex-Mex: 4.8
Thai: 3.6319999999999997
Tibetan: 2.0142857142857142
Turkish: 4.2
Vegetarian: 4.1
Vietnamese: 3.9
Western: 4.066666666666666
World Cuisine: 4.4
